0,547
0,474
40,35
3,2
3,1
3,3
10,288
10,27
10,236
10,97
10,249
10,287
10,214
10,250
11,30
11,13
11,11
11,18
9,6
9,4
8,9
8,14
8,2
8,3
35,9
35,8
35,7
35,6
35,5
35,4
35,3
35,2
35,1
35,0
34,5
34,4
34,3
34,2
34,1
34,0
33,24
33,23
18,1
18,3
14,4
14,3
13,1
13,3
2,2
2,1
2,3
33,22
33,21
33,20
33,19
33,18
33,17
33,16
33,15
33,14
33,13
33,12
33,11
33,10
33,9
33,8
33,7
33,6
33,5
33,4
33,3
33,2
33,1
33,0
32,4
32,3
32,2
32,1
32,0
31,8
31,7
31,6
31,5
31,4
31,3
31,2
31,1
29,3
29,1
28,5
28,4
28,3
28,1
27,3
27,1
25,4
25,3
25,1
24,4
24,3
24,1
20,3
20,2
20,1
19,3
19,2
19,1
14,1
14,5
12,3
12,2
12,1
11,29
11,28
11,27
11,26
11,25
11,24
11,23
11,21
11,20
11,19
11,17
